119.80000000000004
119.83674433989817
119.94688459053204
120.13014377939966
120.38606468607773
120.71401627626547
121.11320238763376
121.58267237092238
122.12133333818514
122.72796363879624
123.40122717301571
124.139688161127
124.94182601070128
125.80604996184778
126.73071323640625
127.71412646800039
128.7545702421025
129.85030662577591
130.999589613279
132.2006744546705
133.4518258691029
134.7513251723272
136.0974763692463
137.48861127764718
138.92309375922838
140.39932313952454
141.91573690017947
143.4708127260044
145.06306998613826
146.69107072402159
148.3534202253374
150.04876722699612
151.77580382397846
153.53326512464048
155.31992869912995
157.13461385995063
158.9761808085462
160.8435296770671
162.73559949026327
164.65136706868776
166.58984589108928
168.55008493097938
170.53116747984973
172.53220996734672
174.5523607868525
176.59079913333122
178.64673385895088
180.71940235084557
182.80806943442116
184.91202630479654
187.03058948829639
189.16309983534745
191.30892154566203
193.46744122620902
195.63806698215222
197.82022754068174
200.01337140745176
202.21696605517224
204.43049714376895
206.65346777141974
208.88539775569905
211.1258229439988
213.37429455235485
215.6303785317749
217.89365496115008
220.1637174658213
222.44017266087315
224.72263961823205
227.0107493566579
229.3041443537323
231.6024780789652
233.90541454716202
236.21262789121675
238.52380195351935
240.83862989519116
243.15681382238932
245.47806442894375
247.80210065462012
250.1286493583258
252.45744500560346
254.78822936978008
257.12075124616797
259.4547661787348
261.7900361986877
264.1263295744351
266.46342057241907
268.8010892283251
271.13912112820526
273.4773071990644
275.81544350848463
278.1533310728774
280.4907756739744
282.82758768318484
285.1635818934625
287.4985773583438
289.83239723783277
292.1648686508244
294.4958225337707
296.8250935053085
299.1525197365812
301.4779428269985
303.8012076851898
306.12216241491893
308.44065820573917
310.7565492281756
313.0696925332348
315.3799479560486
317.6871780234693
319.9912478654411
322.2920251299814
324.58937990161417
326.8831846231015
329.1733140203316
331.459645030224
333.74205673152096
336.02043027834037
338.29464883636945
340.56459752158685
342.8301633414038
345.09123513811954
347.34770353459476
349.5994608820454
351.84640120986955
354.0884201774198
356.3254150276392
358.5572845424836
360.78392900005383
363.00525013336755
365.22115109070296
367.4315363974473
369.63631191939027
371.83538482740107
374.0286635634336
376.216057807805
378.3974784476949
380.57283754681816
382.7420483162207
384.9050250861552
387.0616832789931
389.2119393831306
391.3557109278498
393.4929164590968
395.62347551614073
397.74730860907835
399.86433719715217
401.9744836678488
404.07767131674854
406.1738243280958
408.2628677560639
410.3447275066857
412.41933032042596
414.48660375537014
416.5464761710065
418.5988767125788
420.64373529598754
422.6809825932203
424.7105500182894
426.73236971366043
428.74637453715013
430.7524980492797
432.7506745010636
434.74083882221896
436.7229266097818
438.69687411711146
440.66261824327256
442.6200965227788
444.569247115686
446.5100087980217
448.4423209525396
450.3661235597862
452.2813571894695
454.1879629921181
456.08588269102154
457.97505857444014
459.85543348807664
461.72695082779944
463.5895545326082
465.44318907783463
467.28779946856935
469.1233312333063
470.9497304177992
472.7669435791204
474.5749177799167
476.37360058285515
478.16294004525116
479.94288471387415
481.71338361992423
483.4743862741732
485.2258426622658
486.9677032401745
488.69991892980323
490.42244111473536
492.1352216361198
493.83821278869215
495.53136731692587
497.2146384113078
498.88797970473644
500.5513452690366
502.2046896115873
503.8479676720604
505.4811348192642
507.1041468480895
508.7169599765558
510.31953084295264
511.91181650307357
513.4937744275402
515.0653624992128
516.6265390106854
518.1772626618607
519.7174925576052
521.2471882054792
522.7663095135409
524.2748167882212
525.7726707322672
527.2598324427533
528.7362634091561
530.2019255114908
531.6567810185095
533.100792585957
534.5339232548832
535.9561364500104
537.367395978153
538.7676660266893
540.156911162082
541.535096328447
542.9021868461689
544.2581484105607
545.6029470905678
546.9365493275133
548.2589219338845
549.5700320921588
550.8698473536672
552.1583356374953
553.4354652294194
554.7012047808779
555.9555233079752
557.1983901905184
558.4297751710852
559.6496483541224
560.857980205073
562.0547415495315
563.2399035724278
564.4134378172362
565.5753161852106
566.7255109346444
567.8639946801543
568.9907403919874
570.1057213953507
571.2089113697612
572.3002843484185
573.3798147175971
574.4474772160572
575.5032469344758
576.5470993148945
577.5790101501868
578.598955583541
579.6069121079593
580.6028565657743
581.5867661481791
582.5586183947731
583.5183911931224
584.4660627783326
585.4016117326365
586.3250169849935
587.2362578107015
588.1353138310217
589.022165012813
589.89679166818
590.7591744541282
591.6092943722344
592.447132768322
593.2726713321483
594.0858920971018
594.8867774399064
595.6753100803355
596.4514730809332
597.2152498467451
597.9666241250548
598.7055800051285
599.4321019179675
600.1461746360661
600.8477832731767
601.5369132840805
602.2135504643659
602.8776809502106
603.5292912181703
604.1683680849728
604.7948987073171
605.4088705816771
606.0102715441101
606.5990897700708
607.1753137742282
607.7389324102874
608.289934870816
608.8283106870731
609.3540497288432
609.8671422042728
610.3675786597114
610.8553499795548
611.3304473860919
611.7928624393558
612.2425870369748
612.6796134140307
613.1039341429153
613.5155421331931
613.9144306314646
614.3005932212327
614.6740238227716
615.0347166929981
615.3826664253452
615.7178679496374
616.040316531969
616.3500077745848
616.6469376157611
616.9311023296912
617.2024985263712
617.4611231514889
617.7069734863139
617.9400471475906
618.1603420874324
618.3678565932183
618.5625892874922
618.7445391278626
618.9137054069064
619.070087752073
619.2136861255921
619.3445008243821
619.4625324799624
619.5677820583667
619.6602508600593
619.7399405198536
619.8068530068329
619.8609906242746
619.9023560095757
619.9309521341827
619.9467823035225
619.9498501569378
619.9401596676254
619.9177151425764
619.8825212225212
619.8345828818775
619.7739054287015
619.7004945046438
619.614356084908
619.5154964782146
619.4039223267685
619.279640606231
619.1426586256973
618.9929840276773
618.8306247880831
618.6555892162216
618.4678859547911
618.2675239798863
618.0545126010071
617.8288614610749
617.590580536456
617.33968013699
617.0761709060287
616.8000638204784
616.5113701908546
616.2101016613408
615.8962702098594
615.5698881481492
615.2309681218537
614.8795231106183
614.5155664281981
614.139111722577
613.7501729760968
613.3487645055986
612.9349009625764
612.5085973333424
612.0698689392074
611.6187314366721
611.1552008176354
610.6792934096163
610.1910258759908
609.6904152162465
609.1774787662523
608.6522341985473
608.1146995226462
607.564893085366
607.0028335711693
606.4285400025319
605.8420317403293
605.243328484245
604.6324502732058
604.0094174858367
603.3742508409437
602.7269713980227
602.0676005577942
601.3961600627686
600.7126719978377
600.0171587909016
599.3096432135228
598.5901483816172
597.8586977561768
597.1153151440315
596.3600246986456
595.5928509209551
594.8138186602447
594.0229531150671
593.2202798342073
592.4058247176904
591.5796140178397
590.7416743403824
589.8920326456073
589.0307162495769
588.1577528253941
587.2731704045283
586.3769973782007
585.4692624988342
584.5499948815672
583.6192240058372
582.6769797170341
581.7232922282292
580.7581921219795
579.7817103522143
578.7938782462033
577.7947275066148
576.7842902136612
575.7625988273425
574.7296861897867
573.6855855276935
572.6303304548849
571.5639549749684
570.486493484116
569.3979807739653
568.2984520346472
567.1879428579464
566.0664892405987
564.9341275877341
563.7908947164685
562.6368278596549
561.4719646697947
560.2963432231243
559.1100020238773
557.9129800087355
556.7053165514735
555.487051467808
554.2582250204607
553.0188779244432
551.7690513525748
550.5087869412447
549.2381267964286
547.9571134999728
546.6657901161562
545.3642001985456
544.0523877971568
542.7303974659354
541.3982742705742
540.0560637966819
538.7038121583203
537.3415660069276
535.9693725406479
534.587279514084
533.1953352484977
531.7935886424758
530.382089183089
528.9608869575645
527.5300326655017
526.089577631654
524.639573819311
523.1800738443048
521.7111309896815
520.2327992210608
518.7451332027313
517.2481883145107
515.7420206694164
514.2266871321866
512.7022453386987
511.1687537163324
509.6262715053279
508.0748587811937
506.51457647822184
504.94548641416793
503.3676513161661
501.7811348479403
500.1860016383904
498.58231731162647
496.97014851853476
495.34956296996097
493.720629471606
492.08341796072887
490.43799954476447
488.7844465419663
487.1228325241933
485.453232361966
483.7757222719286
482.0903798668573
480.39728420837184
478.69651586250876
476.9881569583343
475.2722912497783
473.54900418089153
471.8183829547329
470.08051660611636
468.335496078455
466.58341430496205
464.82436629448165
463.05844922224526
461.2857625258648
459.5064080069026
457.7204899383707
455.9281151785502
454.12939329153585
452.32443667494687
450.51336069527315
448.6962838313602
446.8733278265658
445.04461785016866
443.21028266863783
441.3704548274223
439.52527084396206
437.67487141267003
435.8194016226871
433.95901118926355
432.09385469968333
430.22409187470004
428.3498878465266
426.47141345447994
424.58884555945804
422.7023673784953
420.81216884072325
418.91844696613646
417.02140626864957
415.1212591850054
413.21822653118653
411.31253798805
409.4044326179961
407.494159414548
405.5819778867907
403.6681586806761
401.7529842392473
399.83674950386273
397.9197626585117
396.0023459192911
394.08483637105707
392.16758685316677
390.2509668960755
388.33536371032824
386.4211832291951
384.5088512057936
382.59881436503815
380.6915416100985
378.7875252822429
376.88728247193
374.9913563777896
373.1003177086401
371.2147661219087
369.3353316896921
367.4626763811923
365.5974955473264
363.74051938991613
361.89251439395
360.05428469698074
358.22667336472364
356.4105635363846
354.60687939718724
352.81658692905694
351.04069438356595
349.2802524142303
347.5363537983029
345.81013267169055
344.10276319492647
342.4154575638257
340.7494632761485
339.10605956606497
337.48655292224305
335.8922716138675
334.3245591626467
332.7847667186692
331.2742443243342
329.7943310837857
328.34634429505167
326.93156764767957
325.55123863855493
324.2065354105898
322.8985632701453
321.628341185856
320.3967886100507
319.2047129902338
318.0527983485055
316.94159529855364
315.8715128414356
314.8428122328113
313.85560314745544
312.90984228532915
312.0053344722773
311.1417362136169
310.3185615669
309.53519011713917
308.79087676895284
308.0847630192109
307.41588934288217
306.78320831417454
306.18559809335255
305.6218759341662
305.0908114040786
304.5911390555097
304.1215703371538
303.68080458650354
303.26753899499283
302.88047748336623
302.5183384654158
302.17986151223386
301.86381295631895
301.5689904954322
301.29422687055234
301.0383927013389
300.8003985670458
300.5791964216665
300.37378043009164
300.1831873079523
300.0064962422698
299.8428284635868
299.6913465333397
299.5512534032167
299.42179129635764
299.3022404536972
299.19191778263144
299.09017543958765
298.9963993730165
298.91000784882544
298.8304499763003
298.7572042491103
298.6897771129996
298.6277015692202
298.5705358205871
298.51786196521806
298.4692847414948
298.4244303265282
298.3829451893762
298.34449499943355
298.3087635897387
298.2754519744228
298.24427741911
298.2149725627764
298.18728458934004
298.1609744471022
298.13581611404834
298.1115959069656
298.0881118323024
298.06517297670865
298.04259893521737
298.02021927507656
297.99787303329754
297.9754082460542
297.95268150814206
297.9295575607848
297.90590890615834
297.8816154470837
297.8565641504245
297.8306487328031
297.80376936733455
297.7758324101466
297.74675014553964
297.7164405487006
297.68482706496474
297.65183840467535
297.617408352761
297.58147559220475
297.54398354063807
297.50488019934346
297.4641180140026
297.4216537465693
297.3774483576967
297.33146689918476
297.28367841595707
297.23405585710896
297.18257599560985
297.1292193562668
297.07397015159523
297.016816225265
296.9577490028215
296.89676344940233
296.83385803419947
296.7690347014327
296.70229884762625
296.6336593049973
296.5631283307839
296.49072160235755
296.41645821798215
296.3403607030942
296.2624550219957
296.18277059486246
296.1013403199844
296.01820060116233
295.9333913802027
295.84695617445266
295.758942119335
295.66940001584385
295.578384382973
295.4859535150533
295.3921695439806
295.2970985063208
295.2008104152817
295.1033793375408
295.00488347492694
294.9054052509423
294.8050314021212
294.7038530742111
294.60196592316333
294.4994702209095
294.3964709658984
294.29307799835294
294.18940612020106
294.08557521961643
293.98171040009186
293.8779421139495
293.77440630016974
293.6712445263985
293.56860413496224
293.4666383926929
293.3655066443267
293.2653744692032
293.16641384094964
293.06880328978235
292.9727280670095
292.87838031125864
292.78595921588504
292.69567119695364
292.60773006110185
292.52235717251546
292.43978161815295
292.3602403702605
292.28397844511187
292.2112490567982
292.14231376476937
292.07744261370726
292.0169142641681
291.9610161123021
291.91004439679847
291.864304291063
291.8241099784683
291.78978470836546
291.76166083037384
291.740079804314
291.72539218297993
291.7179575647989
291.71814451327566
291.7263304399876
291.74290144777314
291.76825213066206
291.8027853270166
291.84691182231535
291.9010499979984
291.96562542283357
292.04107038334456
292.12782334998377
292.226328375938
292.3370344257228
292.46039463107576
292.59686547208025
292.7469058819736
292.91097627469264
293.08953749490774
293.28304969108194
293.4919711129723
293.7167568359505
293.95785741556216
294.2157174768495
294.49077424413133
294.7834560181241
295.09418060851266
295.4233537312808
295.77136738129286
296.1385981917281
296.52540579299045
296.9321311846155
297.3590951344374
297.8065966198359
298.27491132622947
298.7642902180874
299.2749581975866
299.80711286562376
300.360923399198
300.9365295582169
301.5340408335395
302.15353574659844
302.7950613092329
303.4586326504743
304.14423281498284
304.85181273568173
305.58129138092875
306.33255607434774
307.10546298326915
307.89983776964937
308.71547639539267
309.55214607223496
310.4095863447976
311.2875102941093
312.18560584784285
313.10353718273814
314.04094620418107
314.9974540876808
315.9726628670157
316.96615705409806
317.9775052760973
319.0062619160552
320.0519687440755
321.1141565271587
322.1923466068418
323.28605243495986
324.39478105905107
325.51803455014067
326.6553113668449
327.80610765091694
328.9699184504756
330.14623886822613
331.33456513296716
332.5343955935822
333.74523163552965
334.9665785205694
336.19794615109373
337.43884976097615
338.68881053530265
339.94735616172323
341.21402131645635
342.48834808820334
343.76988634338693
345.0581940362303
346.3528374672426
347.6533914936831
348.95943969554025
350.27057450049955
351.5863972712805
352.90651835860814
354.230557122956
355.5581419280513
356.8889101089818
358.22250791758495
359.55859044763594
360.8968215421918
362.23687368528294
363.57842787998896
364.9211735147762
366.26480821983046
367.60903771496777
368.9535756505776
370.2981434429144
371.6424701049367
372.98629207377655
374.32935303581036
375.6714037502079
377.012201871737
378.3515117735184
379.68910437034447
381.0247569431008
382.35825296476577
383.6893819283964
385.01793917745806
386.343725738801
387.6665481585418
388.9862183410645
390.3025533913228
391.61537546058275
392.9245115957241
394.2297935921852
395.53105785061325
396.82814523726177
398.1209009481576
399.40917437704104
400.6928189870715
401.97169218627505
403.2456552067006
404.51457298724284
405.7783140600781
407.0367504406585
408.28975752119675
409.5372139675751
410.77900161960406
412.01500539455606
413.245113193894
414.46921581311534
415.6872068546297
416.8989826435874
418.1044421465758
419.30348689310154
420.4960208997737
421.6819505971102
422.86118475888077
424.0336344339115
425.1992128802691
426.35783550174835
427.50941978658665
428.65388524833213
429.79115336879096
430.92114754298507
432.04379302604923
433.15901688200177
434.26674793432255
435.36691671827504
436.4594554349109
437.544297906697
438.6213795347074
439.69063725732326
440.7520095103878
441.80543618876226
442.8508586092329
443.8882194747206
444.9174628397441
445.9385340770928
446.9513798456635
447.95594805942
448.9521878574337
449.9400495749655
450.919484715551
451.89044592405367
452.8528869606475
453.80676267569856
454.7520289855105
455.6886428489029
456.6165622445921
457.53574614934615
458.4461545168838
459.3477482574926
460.24048921833844
461.12434016444297
461.9992647603025
462.86522755212843
463.7221939506843
464.57013021469874
465.4090034348344
466.2387815181927
467.0594331733346
467.8709278958006
468.6732359541105
469.4663283762285
470.2501769364744
471.02475414286823
471.7900332248902
472.5459881216454
473.29259347041545
474.02982459558655
474.7576574979392
475.4760688442898
476.1850359574692
476.8845368066296
477.5745499978665
478.2550547651474
478.9260309615366
479.5874590507045
480.2393200987152
480.88159576608143
481.51426830007887
482.13732052731143
482.75073584652023
483.3544982216282
483.9485921750129
484.5330027810011
485.10771565957816
485.6727169703062
486.22799340644394
486.77353218926413
487.30932106256023
487.83534828734093
488.351602636703
488.85807339088063
489.3547503324653
489.8416237417921
490.3186843924882
490.7859235471791
491.24333295334884
491.690904839351
492.1286319105661
492.5565073457037
492.9745247932433
493.3826783680134
493.78096264790605
494.16937267072205
494.5479039311465
494.91655237784994
495.2753144107178
495.6241868781983
495.96316707477536
496.29225273855764
496.6114420489878
496.920733624666
497.2201265212899
497.50962022970634
497.78921467407804
498.05891021016055
498.3187076236908
498.5686081288849
498.8086133670481
499.03872540529204
499.25894673536277
499.4692802725766
499.66972935486694
499.8602977419397
500.04098961453826
500.2118095738194
500.3727626408403
500.5238542561565
500.665090279534
500.7964769897728
500.9180210846489
501.02972968096935
501.1316103147482
501.223670941499
501.3059199366538
501.3783660961009
501.4410186368525
501.4938871978385
501.53698184083396
501.5703130515186
501.5938917406753
501.60772924552714
501.6118373312225
501.6062281924633
501.59091445528935
501.56590917901656
501.53122585833773
501.48687842558775
501.4328812531816
501.3692491562256
501.29599739531557
501.21314167951846
501.12069816955284
501.0186834811675
500.90711468873303
500.7860093290459
500.6553854053607
500.515261391652
500.3656562371236
500.2065893709637
500.03808070736613
499.860150650823
499.67282010169885
499.47611046210477
499.27004364207534
499.054642066071
498.8299286798114
498.5959269574636
498.35266090918947
498.10015508907986
497.8384346034833
497.5675251197554
497.28745287544143
496.99824468791815
496.69992796451004
496.39253071311134
496.07608155332775
495.75060972817215
495.41614511633384
495.07271824505665
494.72036030364916
494.35910315766364
493.98897936377443
493.6100221853944
493.2222656090622
492.8257443616467
492.4204939284027
492.00655057193325
491.58395135209423
491.1527341469015
490.7129376744865
490.26460151616413
489.8077661406653
489.34247292960436
488.8687642042442
488.3866832536365
487.89627436420653
487.397582850871
486.89065508976955
486.3755385527046
485.8522818433886
485.3209347355976
484.78154821334755
484.23417451320825
483.67886716888086
483.11568105817173
482.5446724525083
481.96589906914517
481.3794201262257
480.7852964008686
480.1835902904674
479.5743658773972
478.9576889973405
478.3336273114538
477.7022503826178
477.06362975602553
476.41783904438165
475.76495401800577
475.105052700151
474.43821546787524
473.76452515881704
473.08406718426255
472.39692964890855
471.70320347776214
471.0029825506401
470.29636384477055
469.58344758603084
468.8643374093916
468.1391405291828
467.4079679198284
466.67093450775616
465.92815937522124
465.17976597684975
464.4258823697459
463.6666414580772
462.90218125310406
462.13264514968967
461.35818222038745
460.57894752827804
459.795102459799
459.00681507888646
458.21426050382655
457.4176213082926
456.6170879481291
455.81285921552256
455.0051427222805
454.1941554140179
453.3801241171283
452.563286120481
451.7438897938485
450.92219524511285
450.0984750183323
449.2730148347584
448.44611437887363
447.6180881314687
446.78926625168236
445.95999550977604
445.1306402722022
444.3015835402289
443.4732280429969
442.645997385379
441.8203372503675
440.9967166549178
440.1756292571804
439.35759471183786
438.54316006879594
437.7329012087048
436.9274243066899
436.12736731318756
435.33340143787075
434.54623261928845
433.76660295896147
432.99529209427817
432.23311847956813
431.4809405392327
430.7396576507754
430.0102109090952
429.29358361655864
428.59080143636777
427.9029321397735
427.23108487113467
426.57640884906164
425.9400914174805
425.3233553580079
424.7274553753114
424.1536736709131
423.6033145290954
423.07769785197416
422.5781516002267
422.1060031219245
421.66256938471037
421.24914616595794
420.8669963008242
420.5173371377966
420.2013274032888
419.9200537281565
419.67451713618385
419.4656198337239
419.2941526667943
419.16078362337913
419.0660477516302
419.0103388374616
418.993903137662
419.01683539882094
419.0790773115757
419.1804184588882
419.3204997222896
419.49881901771005
419.7147391488031
419.9674974958824
420.2562172065474
420.579919521977
420.93753686105987
421.3279262917542
421.74988304273535
422.20215374499344
422.6834491386485
423.19245603092133
423.7278483432813
424.288297136255
424.8724795468735
425.4790866146362
426.10683000628796
426.7544476772943
427.4207085288587
428.1044161341077
428.80441161644944
429.51957576787674
430.2488304960308
430.99113968698606
431.7455095667176
432.51098863873005
433.28666726891913
434.0716769818405
434.86518952554485
435.66641575523136
436.4746043794003
437.28904060602366
438.1090447206342
438.9339706231267
439.76320434553946
440.5961625690753
441.43229115514384
442.2710637021836
443.1119801374521
443.95456535077244
444.79836787538943
445.64295861954565
446.4879296511135
447.33289303657875
448.17747973482483
449.02133854548833
449.8641351111205
450.70555097197825
451.5452826719431
452.3830409138479
453.2185497623124
454.0515458920945
454.88177787988786
455.7090055374855
456.5329992842179
457.3535395566118
458.17041625324936
458.98342821287406
459.79238272384634
460.59709506313635
461.39738806310476
462.19309170442074
462.98404273353026
463.77008430318494
464.55106563460686
465.32684169995986
466.09727292385855
466.8622249027344
467.6215681409335
468.37517780250744
469.1229334777028
469.86471896323496
470.60042205547217
471.3299343557282
472.05315108689916
472.7699709207359
473.48029581508933
474.18403086050535
474.8810841355902
475.5713665706016
476.2547918187586
476.93127613479476
477.6007382603116
478.26309931551634
478.9182826969558
479.5662139808844
480.2068208319259
480.8400329167124
481.46578182220287
482.0840009784021
482.69462558522434
483.29759254325245
483.89284038816874
484.48030922864257
485.0599406874751
485.6316778458138
486.1954651902605
486.7512485627092
487.2989751127601
487.83859325256265
488.37005261395393
488.89330400776396
489.40829938516856
489.91499180097776
490.41333537875295
490.90328527765394
491.38479766092485
491.8578296659276
492.3223393756433
492.77828579156244
493.2256288078909
493.6643291870058
494.0943485360914
494.51564928489836
494.9281946645673
495.33194868746256
495.7268761279655
496.11294250417836
496.4901140604934
496.85835775098735
497.2176412235948
497.5679328050286
497.90920148640623
498.24141690955275
498.5645493539431
498.87856972425755
499.18344953851863
499.4791609167852
499.7656765703747
500.0429697915917
500.3110144439381
500.56978495278537
500.8192562964854
501.0594039979027
501.2902041163471
501.51163323989374
501.72366847806796
501.9262874548841
502.11946830222047
502.3031896535187
502.4774306377919
502.64217087393
502.7973904652902
502.943069994562
503.0791905188934
503.2057335652716
503.32268112614497
503.43001565528004
503.52772006384373
503.6157777167007
503.6941724289218
503.76288846249247
503.821910523218
503.8712237578128
503.9108137511766
503.9406665238414
503.96076852959334
503.9711066532544
503.971668208629
503.9624409366014
503.9434130033882
503.9145729989326
503.87590993544586
503.82741324608344
503.7690727837616
503.70087882009994
503.62282204449974
503.53489356334273
503.4370848993189
503.3293879908706
503.2117951917601
503.0842992707503
502.9468934114045
502.79957121199516
502.64232668552796
502.4751542598741
502.2980487780131
502.11100549838216
501.914020095334
501.7070886596995
501.4902076994572
501.2633741405065
501.02658532754725
500.7798390250617
500.5231334184012
500.2564671149795
499.97983914556625
499.6932489656891
499.39669645713775
499.09018192957706
498.77370612226184
498.4472702058638
498.1108757844017
497.7645248972851
497.4082200214639
497.04196407369295
496.66576041290705
496.2796128427139
495.88352561399836
495.47750342764994
495.06155143740676
494.6356752528252
494.1998809423696
493.7541750366345
493.2985645316912
492.833056892572
492.357660056884
491.87238243856723
491.37723293178885
490.8722209149876
490.35735625506186
489.8326493117145
489.2981109419506
488.7537525047389
488.1995858658341
487.63562340277315
487.06187801004126
486.47836310442096
485.8850926305216
485.2820810665025
484.6693434299881
484.0468952841864
483.41475274421487
482.77293248363833
482.12145174123106
481.4603283279623
480.78958063422056
480.1092276372772
479.4192889090035
478.7197846238436
478.0107355670575
477.2921631432371
476.5640893851116
475.8265369626447
475.07952919243996
474.32309004745946
473.55724416707216
472.7820168674373
471.9974341522416
471.2035227237949
470.4003099945047
469.5878240987363
468.76609390507855
467.935149029023
467.09501984607914
466.2457375053332
465.3873339434755
464.51984189930374
463.6432949287299
462.7577274202998
461.86317461125225
460.9596726041307
460.0472583839751
459.12596983610774
458.1958457645436
457.25692591103973
456.309250974817
455.35286263297075
454.387803561602
453.41411745769557
452.4318490617692
451.4410441813307
450.4417497151645
449.4340136784874
448.41788522899947
447.3934146938707
446.36065359769276
445.319654691438
444.2704719824587
443.21316076557184
442.1477776552648
441.0743806190694
439.9930290121447
438.90378361311787
437.8067066612267
436.7018618948173
435.5893145912424
434.4691316082195
433.34138142669656
432.20613419528655
431.063461776325
429.9134377936153
428.7561376819163
427.5916387382447
426.4200201750482
425.24136317532634
424.0557509497596
422.8632687959248
421.66400415966206
420.4580466986779
419.2454883484487
418.02642339051204
416.8009485232186
415.56916293502684
414.3311683804234
413.0870692585463
411.83697269460083
410.5809886241417
409.3192298803152
408.0518122841331
406.77885473786927
405.50047932165114
404.2168113933332
402.9279796917194
401.6341164432156
400.33535747197357
399.0318423135977
397.7237143324643
396.41112084271356
395.094213232947
393.7731470946735
392.44808235451603
391.11918341019714
389.78661927028907
388.4505636977134
387.11119535694144
385.768697964839
384.4232604450602
383.0750770858841
381.7243477013392
380.3712777954452
379.01607872934636
377.6589678910848
376.3001688676993
374.93991161930126
373.5784326547054
372.2159752081479
370.8527894165413
369.48913249665765
368.1252689215345
366.76147059532667
365.3980170257255
364.03519549296243
362.67330121431854
361.3126375029297
359.9535159195699
358.59625641595073
357.24118746795006
355.88864619702963
354.5389784779592
353.19253903080113
351.84969149496266
350.51080848294544
349.1762716112768
347.8464715059278
346.5218077793797
345.2026889763357
343.88953248494073
342.5827644102352
341.28281940646025
339.9901404647362
338.7051786525783
337.4283928016722
336.1602491403512
334.9012208672556
333.6517876627695
332.41243513498256
331.18365419715775
329.9659403739789
328.7597930342302
327.5657145480144
326.38420936716784
325.2157830281577
324.0609410774834
322.9201879204138
321.79402559480866
320.682952472755
319.5874618938201
318.50804073484966
317.4451679224154
316.3993128952266
315.3709340250338
314.36047700575466
313.36837322170754
312.39503810692645
311.44086950850874
310.50624606779706
309.5915256338763
308.6970437243533
307.8231120486562
306.9700171091029
306.13801889475826
305.3273496825812
304.53821295957687
303.7707824786095
303.025201459209
302.3015819431446
301.6000043127671
300.9205169781676
300.26313623711826
299.62784630958294
299.01459954636863
298.4233168092831
297.85388801801486
297.30617285691517
296.78000163297787
296.27517627460827
295.79147145931717
295.328635857239
294.88639347642834
294.4644450952002
294.0624697663811
293.68012637819174
293.3170552566125
292.97287979442353
292.6472080926872
292.3396346011853
292.049741745225
291.77710152725797
291.52127709286736
291.28182425185946
291.0582929464061
290.85022865939624
290.65717375735574
290.478668763457
290.3142535572401
290.16346849871104
290.0258554754374
289.90095887213914
289.7883264630534
289.68751022804645
289.59806709404256
289.51955960385857
289.4515565149484
289.39363333091626
289.345372768919
289.30636516628397
289.2762088298063
289.2545103312689
289.2408847527653
289.2349558854002
289.2363563848877
289.24472788750603
289.2597210897529
289.2809957949413
289.3082209298227
289.3410745341987
289.37924372630306
289.42242464660075
289.47032238246766
289.5226508760682
289.5791328175792
289.63949952575064
289.70349081764965
289.77085486927933
289.8413480686261
289.9147348625547
289.9907875988494
290.0692863645665
290.1500188217714
290.23278004160807
290.31737233756917
290.4036050987346
290.4912946236679
290.580263955579
290.67034271930214
290.7613669605582
290.8531789879296
290.9456272179083
291.03856602334065
291.1318555855446
291.2253617503369
291.3189558881728
291.4125147585774
291.5059203790057
291.59905989826535
291.69182547459377
291.7841141584817
291.87582778031015
291.96687284285605
292.05716041871324
292.1466060526691
292.2351296690615
292.3226554841501
292.40911192351626
292.4944315445175
292.57855096381917
292.66141079001477
292.74295556137076
292.8231336887121
292.9018974034883
292.9792027110485
293.0550093491776
293.12928075193304
293.2019840188562
293.27308988961073
293.342572724141
293.41041048843135
293.4765847459762
293.54108065507234
293.6038869720692
293.6649960607164
293.72440390778473
293.782110145125
293.8381180783815
293.8924347225678
293.9450708447587
293.99604101415434
294.045363659817
294.09306113638945
294.1391597981475
294.1836900817586
294.2266865981573
294.2681882339757
294.3082382630143
294.34688446826254
294.38417927503656
294.420179895828
294.45494848751986
294.48855232166477
294.5210639685773
294.55256149604514
294.5831286835265
294.61285525276014
294.64183711577584
294.6701766413722
294.69798294118266
294.7253721765487
294.7524678874672
294.7794013449867
294.80631192848494
294.8333475293623
294.8606649827495
294.8884305289288
294.9168203062286
294.9460208772504
294.97622979032764
295.00765617820844
295.04052139597553
295.075059700271
295.1115189718869
295.15016148378317
295.1912647165282
295.2351222230851
295.28204454469494
295.33236017942824
295.38641660466027
295.4445813543658
295.5072431516128
295.57481309602025
295.64772590513587
295.7264412077304
295.8114448857798
295.9032504604782
296.0024005158548
296.10946815150504
296.22505845347143
296.3498099694497
296.4843961711337
296.62952688269615
296.7859496500055
296.95445102026787
297.1358576963119
297.3310375237214
297.5409002625755
297.76639808872227
298.00852576251407
298.2683203959625
298.5468607426776
298.8452659291381
299.1646935413414
299.50633697828954
299.87142198387676
300.26120227228523
300.67695416991194
301.11997020991555
301.5915516345242
302.0929997857896
302.6256063978691
303.1906428429204
303.78934842765625
304.42291788707854
305.09248827381305
305.7991254928999
306.5438107794491
307.3274274562811
308.1507483366382
309.01442414951777
309.91897335930855
310.8647737254236
311.85205590145165
312.8808993085333
313.95123043766125
315.0628236452374
316.21530441151555
317.40815493889653
318.64072188267517
319.91222593606824
321.22177293817793
322.5683661402179
323.95091925231594
325.3682698993637
326.8191931371354
328.30241471584844
329.81662382350845
331.36048509185923
332.93264969984153
334.531765460114
336.1564858209505
337.8054777571262
339.4774285581958
341.1710515505975
342.88509081132884
344.6183249461086
346.36957001459047
348.13768169023507
349.92155674367405
351.720133936714
353.53239441021884
355.3573616437175
357.19410105819986
359.041719326708
360.89936345028616
362.7662196499639
364.641512118816
366.52450167199663
368.4144843269474
370.3107898408794
372.21278022804205
374.11984827527095
376.0314160707849
377.946933558163
379.8658771248288
381.7877482321523
383.7120720924271
385.638396396408
387.56629009382493
389.495342228216
391.42516082657977
393.3553718436476
395.28561816004793
397.21555863319134
399.1448671994115
401.0732320256334
403.00035470869267
404.92594952030436
406.84974269562804
408.7714717633339
410.69088491509154
412.6077404124097
414.5218060288201
416.432858525431
418.34068315796276
420.2450732134348
422.14582957476364
424.04276031160134
425.93568029583616
427.82441084024487
429.708779358885
431.5886190478749
433.46376858530147
435.33407184905934
437.19937765150337
439.05953948985723
440.91441531139543
442.76386729246263
444.6077616304722
446.4459683480598
448.2783611086379
450.10481704263407
451.92521658374545
453.73944331458756
455.54738382115397
457.34892755553665
459.1439667064027
460.9323960767471
462.71411296847464
464.4890170733968
466.25701037025095
468.0179970273786
469.771883310722
471.51857749681704
473.2579897904886
474.99003224696594
476.7146186981563
478.4316646828354
480.14108738052056
481.84280554881764
483.5367394640365
485.2228108648875
486.9009428990838
488.5710600726842
490.2330882020174
491.8869543680489
493.5325868730458
495.16991519941865
496.7988699706145
498.4193829139529
500.0313868252914
501.63481553543016
503.22960387815306
504.8156876598234
506.3930036304461
507.96148945612276
509.5210836928218
511.0717257613986
512.6133559237962
514.1459152603677
515.6693456482627
517.1835897408208
518.6885909479233
520.1842934172511
521.6706420164073
523.1475823158585
524.6150605726514
526.073023714872
527.5214193268068
528.9601956347713
530.3893014935752
531.8086863735923
533.2183003484046
534.6180940829972
536.0080188224713
537.3880263812559
538.7580691327939
540.1180999996766
541.4680724442103
542.8079404593925
544.1376585602771
545.4571817757171
546.7664656404562
548.0654661875668
549.354139941208
550.6324439096944
551.9003355788611
553.1577729057092
554.4047143123232
555.6411186800457
556.866945343897
558.0821540872322
559.2867051366228
560.4805591569543
561.6636772467294
562.8360209335692
563.9975521699014
565.1482333288335
566.2880272001927
567.4168969867376
568.5348063005248
569.6417191594294
570.7375999838094
571.8224135933121
572.8961252038116
573.9587004244772
575.0101052549616
576.0503060827099
577.0792696803798
578.0969632033709
579.1033541874582
580.0984105465241
581.0821005703872
582.0543929227234
583.0152566390742
583.9646611249385
584.9025761539486
585.8289718661216
586.7438187661863
587.6470877219831
588.5387499629308
589.4187770785611
590.2871410171181
591.1438140842146
591.9887689415516
592.8219786056925
593.6434164468906
594.45305618797
595.2508719032564
596.0368380175553
596.8109293051766
597.5731208890041
598.3233882396071
599.0617071743928
599.7880538567996
600.5024047955256
601.2047368437967
601.8950271986662
602.5732534003513
603.2393933315998
603.8934252170874
604.5353276228477
605.1650794557277
605.7826599628719
606.3880487312339
606.9812256871121
607.5621710957103
608.1308655607218
608.6872900239356
609.2314257648652
609.7632544003973
610.2827578844606
610.7899185077144
611.2847188972548
611.7671420163393
612.2371711641275
612.6947899754388
613.1399824205259
613.5727328048627
613.9930257689465
614.4008462881152
614.7961796723757
615.1790115662478
615.5493279486174
615.9071151326028
616.2523597654331
616.5850488283353
616.9051696364329
617.2127098386547
617.5076574176519
617.7900006897255
618.0597283047612
618.3168292461729
618.5612928308551
618.793108709142
619.012266864773
619.2187576148676
619.4125716099047
619.593699833709
619.7621336034443
619.917864569611
620.0608847160503
620.1911863599538
620.3087621518777
620.4136050757614
620.5057084489524
620.5850659222336
620.6516714798565
620.7055194395767
620.7466044526961
620.7749215041054
620.790465912332
620.7932333295926
620.783219741845
620.760421468848
620.7248351642204
620.6764578155046
620.6152867442322
620.5413196059936
620.454554390509
620.3549894217006
620.2426233577705
620.1174551912782
619.9794842492212
619.8287101931171
619.6651330190891
619.4887530579521
619.299570975302
619.097587771606
618.8828047822948
618.655223677858
618.4148464639397
618.1616754814372
617.8957134065993
617.6169632511303
617.3254283622925
617.0211124230116
616.7040194519834
616.3741538037845
616.0315201689814
615.6761235742454
615.3079693824648
614.9270632928641
614.5334113411221
614.1270198994928
613.707895676927
613.2760457192005
612.8314774090393
612.3741984662504
611.9042169478537
611.4215412482174
610.9261800991951
610.4181425702662
609.8974380686782
609.3640763395936
608.8180674662385
608.2594218700547
607.6881503108546
607.1042638869814
606.5077740354702
605.8986925322159
605.2770314921414
604.6428033693727
603.9960209574181
603.33669738935
602.6648461379928
601.9804810161147
601.2836161766263
600.5742661127813
599.8524456583859
599.118169988011
598.3714546172134
597.6123154027598
596.8407685428599
596.0568305774041
595.2605183882098
594.451849199274
593.6308405770338
592.7975104306332
591.9518770122008
591.0939589171338
590.2237750843913
589.3413447967956
588.446687681346
587.5398237095394
586.6207731977019
585.6895568073307
584.7461955454497
583.7907107649714
582.8231241650752
581.843457791595
580.851734037422
579.8479756429183
578.8322056963458
577.804447634307
576.7647252422047
575.7130626547121
574.6494843562618
573.5740151815503
572.4866803160573
571.3875052965872
570.2765160118234
569.1537387029058
568.019199964023
566.8729267430297
565.7149463420819
564.5452864182934
563.3639749844147
562.1710404095373
560.9665114198185
559.7504170992328
558.5227868903473
557.2836505951254
556.0330383757564
554.7709807555134
553.4975086196393
552.2126532162662
550.9164461573616
549.6089194197107
548.2901053459271
546.9600366455046
545.6187463958983
544.2662680436458
542.902635405524
541.5278826697493
540.1420443972124
538.745155522761
537.3372513565199
535.9183675852618
534.488540273819
533.0478058665475
531.5962011888352
530.1337634486672
528.6605302382391
527.1765395356265
525.6818297065116
524.1764395059654
522.6604080802933
521.133774968941
519.5965801064654
518.0488638245688
516.490666854208
514.9220303277688
513.3429957813156
511.75360515691665
510.1539008050482
508.54392548707983
506.92372237784235
505.2933350682815
503.65280756820476
502.0021843091166
500.34151014715223
498.6708303661072
496.9901906805735
495.29963723917797
493.59921662793204
491.88897587369206
490.1689624477412
488.43922426948814
486.69980971029366
484.9507675974244
483.1921472181439
481.42399832394017
479.6463711348986
477.85931634421956
476.06288512289655
474.25712912454776
472.44210049041556
470.61785185453436
468.7844363490789
466.9419076098925
465.09031978220617
463.22972752655426
461.3601860248915
459.48175098692514
457.5944786566612
455.6984258191799
453.7936498076413
451.88020851054193
449.958160379215
448.02756443559684
446.08848028026114
444.1409681007378
442.1850886801192
440.2209034059711
438.2484742795531
436.2678639253712
434.27913560106043
432.28235320762167
430.2775813000188
428.2648850981571
426.24433049824904
424.21598408458897
422.17991314174725
420.13618566720663
418.0848703844513
416.02603675652915
413.95975500010456
411.8860961000256
409.8051318244183
407.7169347403343
405.62157822997045
403.51913650748793
401.4096846364498
399.2932985479034
397.1700550591329
395.0400318931139
392.9033076986908
390.7599620715122
388.61007557575334
386.45372976665465
384.2910072139219
382.12199152600573
379.9467673753127
377.76542052437594
375.5780378530365
373.3847073866664
371.1855183254852
368.9805610750112
366.7699272777058
364.5537098458461
362.3320029956931
360.10490228300097
357.8725046399362
355.63490841345583
353.3922134052184
351.14452091308567
348.8919337742997
346.6345564103905
344.37249487390613
342.10585689703714
339.8347519422293
337.5592912548627
335.27958791810084
332.9957569099971
330.7079151629773
328.41618162578766
326.12067732803445
323.82152544742837
321.5188513798643
319.212782812459
316.90344979969234
314.59098484279116
312.275522972512
309.9572018354814
307.6361617842566
305.3125459712908
302.98650044697956
300.65817426199374
298.32771957409136
295.99529175963085
293.6610495300107
291.3251550532731
288.98777408111744
286.6490760815916
284.3092343777312
281.9684262924454
279.6268332999433
277.2846411840311
274.9420402036073
272.59922526572495
270.2563961065759
267.91375748080037
265.5715193595266
263.22989713758017
260.8891118503071
258.5493904004951
256.2109657958866
253.87407739782145
251.53897118154399
249.20590000876604
246.87512391308502
244.5469103988998
242.22153475448286
239.89928037991092
237.5804391305785
235.26531167706764
232.95420788215463
230.64744719579534
228.34535906895047
226.0482833871495
223.75657092473404
221.47058382074204
219.19069607743978
216.91729408253838
214.65077715615692
212.39155812362264
210.14006391522634
207.89673619406102
205.66203201309546
203.43642450262053
201.22040358921387
199.01447674734288
196.8191697846907
194.63502766223206
192.46261535001537
190.30251871949275
188.1553454731104
186.02172611167575
183.90231493980068
181.79779110942815
179.70885970108944
177.63625284209814
175.58073086035526
173.5430834717805
171.52413099860777
169.52472561482682
167.545752613939
165.58813169285452
163.65281824418207
161.74080464730255
159.85312154646107
157.9908391015857
156.15506819464508
154.34696157101456
152.5677148915396
150.8185676667151
149.10080403961746
147.41575337898786
145.7647906381253
144.1493364291518
142.57085675580245
141.0308623413871
139.53090748216013
138.07258835038212
136.65754066624075
135.28743665404053
133.96398119629833
132.68890710030794
131.46396939615025
130.2909385938921
129.1715928416459
128.1077089460398
127.10105224302175
126.15336534007261
125.26635579067445
124.44168280756294
123.68094317148659
122.98565654481484
122.35725045151649
121.79704523332231
121.30623933238296
120.8858952794258
120.53692677958631
120.2600872827619
120.05596039970698
119.92495247893706
119.86728759433771
119.88300511250992
119.9719599171467
120.1338252711013
120.36809820173052
120.67410720785948
121.05102201279153
121.49786503127703
122.01352418168617
122.59676665843361
123.24625328293176
123.96055307158716
124.73815769321953
125.57749553189656
126.4769451205666
127.43484776238456
128.44951920710363
129.5192602969343
130.64236653810298
131.817136590002
133.04187969286133
134.31492207741087
135.63461241644652
136.99932638925296
138.4074704362508
139.8574847838858
141.3478458194245
142.87706789277433
144.44370461827953
146.0463497442782
147.68363765242657
149.35424354278814
151.05688335468824
152.79031346755758
154.5533302205275
156.3447692845018
158.16350491584552
160.00844911670595
161.8785507233136
163.7727944403867
165.69019983692937
167.62982031627752
169.59074207111516
171.57208303237036
173.57299181935332
175.59264669715614
177.6302545462285
179.68504984807538
181.75629369022928
183.8432727929613
185.94529855964237
188.0617061521677
190.1918535924823
192.335120890888
194.49090920155857
196.65864000544235
198.8377543205538
201.02771193948627
203.22799069387108
205.438085745378
207.65750890279514
209.88578796463443
212.12246608668062
214.36710117384132
216.61926529564164
218.87854412466916
221.14453639728274
223.41685339586513
225.69511845192244
227.9789664693086
230.26804346688425
232.5620061399052
234.86052143946205
237.16326616928933
239.46992659929805
241.78019809517372
244.0937847634263
246.41039911126825
248.7297617207396
251.05160093649783
253.37565256671758
255.701659596565
258.0293719137202
260.3585460454508
262.6889449067523
265.02033755908917
267.35249897928213
269.68520983812004
272.0182562882731
274.35142976111547
276.6845267720677
279.01734873409794
281.3497017790272
283.6813965863049
286.0122482189215
288.34207596616204
290.6707031928925
292.9979571951045
295.32366906143454
297.64767354041334
299.9698089131804
302.2899168714416
304.60784240042676
306.9234336666433
309.23654191020944
311.5470213415747
313.85472904242783
316.15952487062566
318.4612713689538
320.75983367756817
323.0550794499452
325.3468787722014
327.63510408563127
329.9196301123292
332.20033378375734
334.4770941721449
336.7497924245856
339.018311699729
341.28253710695213
343.5423556479024
345.79765616032046
348.0483292640395
350.2942673090764
352.5353643257199
354.77151597653807
357.0026195102249
359.2285737172094
361.449278886949
363.6646367668484
365.8745505227272
368.0789247007805
370.27766519096474
372.4706791917554
374.65787517622044
376.83916285935686
379.01445316663336
381.18365820370065
383.3466912272147
385.50346661673416
387.6538998476426
389.7979074650614
391.9354070587113
394.0663172386874
396.1905576121053
398.30804876059403
400.41871221859446
402.52247045243917
404.6192468401746
406.7089656521057
408.7915520320298
410.86693197913814
412.9350323305513
414.995780744474
417.04910568394064
419.09493640112805
421.1332029222217
423.16383603279985
425.1867672637349
427.20192887757753
429.2092538554157
431.2086758841816
433.20012934439995
435.1835492983541
437.1588714786593
439.12603227722377
441.0849687345867
443.03561852961957
444.9779199695781
446.9118119804858
448.8372340978484
450.75412645767693
452.66242978781634
454.56208539956157
456.4530351795563
458.33522158196297
460.2085876208954
462.0730768630989
463.9286334208789
465.7752019452617
467.61272761938386
469.4411561520976
471.2604337717895
473.07050722040276
474.8713237476579
476.66283110545953
478.4449775424911
480.21771179898445
481.9809831016637
483.7347411588503
485.47893615573105
487.2135187497808
488.9384400663324
490.6536516942947
492.3591056820046
494.05475453321856
495.7405512032321
497.41644909512826
499.08240205614175
500.73836437414695
502.38429077425667
504.0201364155336
505.6458568878031
507.2614082085746
508.8667468200587
510.4618295862847
512.0466137903047
513.6210571314946
515.1851177229374
516.7387540888958
518.2819251623591
519.814590282677
521.336709193263
522.8482420393783
524.3491493659795
525.8393921156425
527.3189316265482
528.787729630538
530.2457482512265
531.6929500021781
533.1292977851417
534.5547548883446
535.9692849848345
537.3728521308824
538.7654207644327
540.1469557036044
541.5174221452411
542.8767856635048
544.2250122085193
545.5620681050528
546.8879200512484
548.2025351173879
549.5058807447024
550.7979247442167
552.0786352956347
553.347980946256
554.60593060993
555.8524535660449
557.0875194585468
558.31109829499
559.5231604456205
560.7236766424858
561.9126179785767
563.0899559069926
564.2556622401362
565.4097091489334
566.5520691620793
567.6827151653047
568.8016204006692
569.9087584658762
571.0041033136106
572.0876292508933
573.1593109384618
574.2191233901664
575.2670419723884
576.3030424034732
577.3271007531841
578.3391934421719
579.3392972414625
580.3273892719578
581.3034470039545
582.2674482566772
583.2193711978248
584.1591943431335
585.0868965559496
586.0024570468174
586.90585537308
587.7970714384919
588.6760854928413
589.5428781315854
590.3974302954975
591.2397232703222
592.0697386864417
592.8874585185519
593.6928650853476
594.4859410492181
595.2666694159477
596.035033534429
596.791017096381
597.5346041360783
598.2657790300826
598.9845264969865
599.6908315971612
600.3846797325125
601.066056646242
601.7349484226143
602.3913414867309
603.0352226043115
603.6665788814754
604.2853977645342
604.8916670397857
605.4853748333153
606.0665096107986
606.6350601773124
607.1910156771473
607.7343655936263
608.2650997489256
608.7832083039007
609.2886817579154
609.7815109486748
610.2616870520632
610.7292015819812
611.1840463901907
611.6262136661599
612.0556959369135
612.4724860668839
612.8765772577664
613.2679630483765
613.6466373145115
614.0125942688117
614.3658284606272
614.7063347758854
615.0341084369616
615.3491450025517
615.6514403675477
615.9409907629146
616.2177927555709
616.4818432482707
616.7331394794874
616.9716790233002
617.197459789285
617.410480022402
617.6107383028925
617.7982335461724
617.972965002731
618.1349322580312
618.284135232412
618.4205741809932
618.5442496935841
618.6551626945921
618.7533144429364
618.8387065319619
618.9113408893589
618.9712197770825
619.0183457912768
619.0527218622007
619.0743512541584
619.0832375654325
619.0793847282191
619.062797008568
619.0334790063262
618.9914356550839
618.9366722221264
618.8691943083875
618.7890078484096
618.6961191103068
618.5905346957319
618.4722615398503
618.3413069113165
618.1976784122578
618.0413839782614
617.8724318783684
617.6908307150738
617.4965894243327
617.2897172755706
617.0702238717038
616.8381191491645
616.5934133779342
616.3361171615834
616.0662414373215
615.7837974760517
615.4887968824382
615.1812515949791
614.8611738860914
614.5285763622026
614.1834719638568
613.825873965827
613.4557959772413
613.0732519417193
612.6782561375221
612.2708231777124
611.8509680103301
611.4187059185804
610.9740525210352
610.5170237718518
610.0476359610038
609.5659057145309
609.0718499948036
608.5654861008068
608.0468316684387
607.5159046708325
606.9727234186944
606.4173065606641
605.8496730836953
605.269842313458
604.6778339147671
604.0736678920301
603.4573645897233
602.8289446928928
602.1884292276823
601.5358395618896
600.8711974055523
600.1945248115622
599.5058441763153
598.8051782403907
598.0925500892654
597.3679831540655
596.6315012123539
595.8831283889558
595.122889156826
594.3508083379559
593.566911104327
592.7712229789071
591.9637698366942
591.1445779058106
590.3136737686461
589.4710843630565
588.616836983616
587.7509592829264
586.8734792729889
585.9844253266355
585.0838261790269
584.1717109292176
583.248109041791
582.3130503485686
581.3665650503949
580.4086837190018
579.4394372989566
578.4588571096957
577.4669748476484
576.463822588454
575.4494327892774
574.4238382912257
573.3870723218712
572.339168497886
571.2801608277891
570.2100837148182
569.1289719599226
568.0368607648903
566.9337857356095
565.819782885474
564.6948886389366
563.5591398352186
562.4125737321797
561.2552280103596
560.0871407771947
558.9083505714203
557.7188963676647
556.518817581247
555.3081540731831
554.0869461554146
552.8552345962654
551.6130606261429
550.3604659434873
549.0974927209872
547.8241836120707
546.5405817576848
545.246730793378
543.9426748566993
542.6284585949282
541.3041271731549
539.969726282722
538.6253021500488
537.2709015458573
535.9065717948165
534.532360785628
533.1483169815733
531.7544894315466
530.3509277815967
528.9376822870038
527.5148038249168
526.082343907583
524.6403546961958
523.1888890153961
521.7280003684572
520.2577429531934
518.7781716786264
517.2893421824497
515.7913108493333
514.2841348301163
512.7678720619296
511.24258128930285
509.70832208630657
508.16515487978586
506.6131409737495
505.05234257497034
503.48282281986985
501.90464580275886
500.31787660550543
498.7225813287158
497.1188271245097
495.50668223098666
493.8862160084719
492.257498977656
490.620602859727
488.97560061861867
487.32256650549846
485.66157610562493
483.9927063877191
482.31603575599706
480.631644105027
478.93961287758214
477.2400251256681
475.53296557492274
473.81852069259764
472.09677875933994
470.36782994501266
468.63176638880753
466.8886822839203
465.13867396707906
463.3818400132311
461.6182813357201
459.84810129231124
458.0714057974334
456.28830344104983
454.498905614584
452.7033266443654
450.9016839330902
449.09409810982066
447.28069318909166
445.4615967397307
443.63694006403205
441.80685838798007
439.97149106325764
438.13098178182906
436.2854788039409
434.43513520043643
432.580109110342
430.72056401475413
428.8566690281055
426.9885992079747
425.11653588466856
423.2406670118781
421.36118753980344
419.47829981219627
417.5922139888754
415.7031484953362
413.81133050116654
411.91699642904945
410.02039249622067
408.1217752903069
406.22141238154893
404.31958297343806
402.41657859385543
400.51270382879596
398.6082771007618
396.70363149384923
394.7991156274797
392.8950945805719
390.99195086777013
389.0900854690384
387.18991891358434
385.2918924185776
383.3964690825237
381.50413513237106
379.6154012224838
377.73080378243276
375.8509064091401
373.9763012971989
372.10761069914975
370.24548840508686
368.3906212281447
366.54373047912134
364.705573409729
362.8769445996416
361.05867725765995
359.2516444019043
357.45675987799746
355.6749791678051
353.90729993449986
352.15476224273556
350.4184483857149
348.6994822442894
346.99902809728366
345.3182887975579
343.65850322545054
342.02094293099697
340.4069078794025
338.81772122158924
337.25472302404125
335.71926291046964
334.21269159256354
332.73635129866767
331.2915651474492
329.879625557938
328.5017818363447
327.15922713180737
325.85308500488406
324.58439590082156
323.3541038605057
322.16304383157274
321.01192995666224
319.9013452122448
318.8317327479282
317.80338923235036
316.8164604490398
315.87093930721846
314.96666634309514
314.10333269268295
313.2804854239207
312.49753503021486
311.7537648148756
311.04834184046786
310.3803290813418
309.7486984021666
309.1523439892699
308.5900958825042
308.0607332899342
307.56299741190594
307.0956035511077
306.6572523372961
306.2466399463258
305.8624672404489
305.5034477988677
305.16831484312826
304.85582709078943
304.56477359289374
304.29397762664297
304.0422997249558
303.80863993013105
303.59193936048007
303.3911811774135
303.20539103679334
303.0336371031091
302.8750296987534
302.7287206538443
302.59390241501364
302.4698069646573
302.35570459547534
302.2509025789158
302.1547437603938
302.0666051089709
301.9858962445438
301.9120579614955
301.8445607641854
301.78290342656544
301.7266115855425
301.6752363754624
301.628353109184
301.5855600096145
301.54647699427807
301.5107445143819
301.47802244898946
301.44798905418804
301.4203399665929
301.3947872600794
301.37105855432037
301.3488961734394
301.32805635294477
301.30830849295785
301.2894344557093
301.27122790522617
301.25349368714893
301.236047246619
301.21871408224047
301.2013292341574
301.1837368043724
301.1657895074812
301.14734825010333
301.1282817373397
301.10846610470793
301.08778457404776
301.0661271320027
301.0433902297442
301.01947650269983
300.99429450910117
300.96775848626004
300.93978812353544
300.9103083510362
300.8792491431454
300.84654533603555
300.8121364583819
300.77596657455064
300.7379841395718
300.69814186527395
300.65639659698024
300.61270920023156
300.56704445702786
300.51937097111147
300.46966108186837
300.4178907864385
300.36403966967447
300.3080908415976
300.2500308820451
300.1898497922154
300.12754095285493
300.06310108883577
299.9965302399112
299.92783173744306
299.8570121869285
299.7840814561501
299.7090526688143
299.63194220353034
299.5527696980339
299.47155805853106
299.3883334740833
299.30312543594823
299.21596676181576
299.12689362487185
299.0359455876494
298.9431656406209
298.8486002455106
298.75229938329005
298.6543166068483
298.55470909832025
298.45353773107297
298.3508671363352
298.24676577448656
298.1413060109885
298.03456419698637
297.92662075456457
297.8175602666711
297.7074715717097
297.5964478627946
297.48458679167044
297.3719905772723
297.2587661189162
297.14502511407966
297.03088418074174
296.9164649842139
296.80189436839885
296.6873044913783
296.5728329652263
296.4586229999036
296.3448235510649
296.231589471592
296.11908166661703
296.00746725175827
295.89691971426356
295.7876190766881
295.6797520627007
295.57351226453045
295.46910031152197
295.36672403918067
295.26659865802856
295.168946921486
295.0739992919264
294.9819941039339
294.89317772370725
294.8078047034219
294.7261379292522
294.64844876163136
294.57501716618754
294.5061318336468
294.4420902868608
294.3831989729496
294.3297733384066
294.28213788483697
294.2406262028496
294.20558098145864
294.1773539901845
294.1563060309026
294.1428068563253
294.1372350518839
294.1399778776463
294.15143106682086
294.1719985773111
294.2020922927477
294.2421316694272
294.2925433256165
294.3537605697649
294.42622286432083
294.51037522204444
294.6066675319946
294.715553812705
294.8374913905119
294.97294000150066
295.1223608161604
295.28621538651805
295.4649645163331
295.6590670557982
295.868978623171
296.09515025679764
296.3380270020961
296.59804643924633
296.8756371585197
297.1712171914006
297.4851924068664
297.8179548833563
298.16988126808076
298.54133113632855
298.9326453643297
299.34414452996066
299.7761273561342
300.22886921204514
300.7026206875467
301.1976062557718
301.7140230386855
302.2520396895551
302.8117954053356
303.3933990807445
303.99692861428935
304.6224303748153
305.26991883523146
305.9393763780305
306.63075327505885
307.3439678417887
308.0789067641243
308.83542559360774
309.61334940480975
310.4124736067563
311.2325648984832
312.0733623572686
312.9345786467941
313.8159013314454
314.7169942821955
315.63749915903145
316.57703695465716
317.5352095842532
318.5116015063576
319.5057813604342
320.5173036073904
321.54571016016575
322.5905319925059
323.651290715124
324.72750010961937
325.81866761171705
326.92429573661985
328.04388344045907
329.1769274130125
330.3229232979726
331.48136683812345
332.65175494374694
333.83358668350286
335.02636419782107
336.2295935355705
337.4427854154031
338.66545591369874
339.89712708149756
341.1373274931664
342.38559272984855
343.64146580095377
344.9044975071167
346.1742467481333
347.4502807794518
348.73217542078226
350.0195152203652
351.3118935783634
352.60891283275816
353.91018431100883
355.2153283506077
356.52397429151154
357.8357604432883
359.1503340296483
360.46735111287603
361.78647650050186
363.10738363641417
364.4297544784278
365.7532793641923
367.0776568671545
368.40259364416715
369.72780427618005
371.05301110333426
372.37794405564483
373.7023404803574
375.02594496694326
376.34850917060595
377.6697916350694
378.98955761534614
380.3075789010907
381.6236336410755
382.937506169264
384.248986832882
385.557871822849
386.86396300686556
388.16706776541713
389.46699883090116
390.76357413006485
392.0566166298874
393.3459541870269
394.631419400907
395.912849470519
397.19008605496606
398.46297513778234
399.73136689501956
400.9951155671026
402.2540793344233
403.50812019664477
404.7571038556637
406.0008996021902
407.23938020587923
408.47242180895324
409.69990382324073
410.92170883056724
412.1377224864137
413.3478334267711
414.5519331781014
415.74991607033326
416.9416791528033
418.1271221130645
419.3061471984711
420.4786591404683
421.64456508149607
422.8037745044322
423.95619916448686
425.1017530234785
426.2403521864093
427.37191484026323
428.49636119495716
429.6136134263643
430.7235956213494
431.82623372473864
432.9214554881622
434.00919042069813
435.0893697412615
436.16192633267184
437.22679469734305
438.2839109145316
439.3332125990948
440.3746388617006
441.4081302704376
442.43362881377107
443.4510778648032
444.4604221467835
445.46160769982976
446.454581848806
447.43929317232795
448.41569147284383
449.3837277477584
450.3433541615558
451.2945240188909
452.2371917386093
453.1713128286663
454.0968438619041
455.0137424526664
455.9219672342114
456.8214778369009
457.7122348671279
458.5941998869678
459.46733539451753
460.3316048049019
461.1869724319246
462.0334034703334
462.8708639786879
463.6993208627989
464.51874185972827
465.32909552231615
466.13035120423274
466.9224790455229
467.70544995863577
468.4792356149126
469.24380843152767
469.9991415588577
470.74520886827224
471.4819849403206
472.20944505331363
472.9275651722778
473.636321938275
474.33569265806835
475.0256552941315
475.70618845498313
476.37727138583944
477.0388839595707
477.69100666795714
478.33362061322833
478.9667074998845
479.59024962677984
480.20422987947234
480.80863172282153
481.4034391938339
481.98863689473967
482.5642099863044
483.13014418135947
483.68642573855266
484.23304145630175
484.76997866695837
485.29722523116635
485.8147695324108
486.32260047176044
486.8207074627829
487.3090804266442
487.78770978737657
488.2565864673183
488.7157018827113
489.1650479394642
489.6046170290686
490.0344020246696
490.4543962772818
490.86459361215486
491.26498832527966
491.6555751800365
492.0363494039758
492.4073066857387
492.7684431721049
493.1197554651769
493.46124061968396
493.79289614041835
494.1147199797923
494.4267105355213
494.7288666484224
495.0211876003385
495.3036731121773
495.5763233420708
495.83913888364793
496.09212076442634
496.3352704443181
496.5685898142519
496.7920811949066
497.0057473355636
497.2095914130687
497.40361703091617
497.5878282184388
497.7622294301198
497.9268255450186
498.08162186631216
498.2266241209586
498.3618384594721
498.4872714558252
498.6029301074675
498.7088218354721
498.80495448480065
498.8913363247009
498.96797604923
499.0348827779112
499.09206605652116
499.13953585801755
499.1773025836015
499.2053770639303
499.22377056046696
499.2324947669861
499.23156181123045
499.220984256728
499.200775104767
499.1709477965419
499.13151621546933
499.0824946896831
499.02389799470893
498.9557413563318
498.87804045365556
498.79081142236794
498.6940708582102
498.5878358206678
498.47212383688
498.34695290579174
498.212341502536
498.0683085830749
497.9148735890992
497.7520564532002
497.57987760432184
497.3983579735094
497.2075189999632
497.00738263741147
496.7979713608179
496.57930817343305
496.35141661421187
496.1143207656082
495.86804526176616
495.6126152971235
495.34805663544694
495.0743956193256
494.79165918013257
494.49987484848316
494.19907076521633
493.8892756929181
493.5705190280179
493.2428308134823
492.9062417521395
492.5607832206623
492.20648728424624
491.84338671201294
491.47151499318176
491.09090635404345
490.7015957757839
490.30361901319344
489.8970126143148
489.481813941082
489.0580611909935
488.6257934198817
488.1850505658375
487.7358734743525
487.27830392474453
486.81238465793723
486.33815940567104
485.8556729212238
485.36497101172733
484.8661005721683
484.3591096211725
483.84404733867336
483.32096410557335
482.7899115455165
482.2509425688923
481.704111419204
481.1494737219467
480.5870865361363
480.0170084086524
479.43929943156957
478.8540213026515
478.26123738920825
477.66101279551617
477.05341443403
476.4385111006147
475.816373554056
475.1870746001117
474.5506891803987
473.90729446641683
473.2569699590436
472.59979759384646
471.93586185258863
471.26524988133934
470.5880516156043
469.9043599129444
469.2142706935751
468.51788308946846
467.8152996025239
467.1066262724046
466.39197285468845
465.6714530100173
464.9451845049808
464.2132894255176
463.4758944036774
462.7331308586326
461.9851352528998
461.23204936478373
460.47402057812826
459.71120219053626
458.9437537412674
458.1718413601307
457.39563813873946
456.6153245255937
455.8310887465244
455.04312725212594
454.2516451938718
453.45685693070305
452.65898656794093
451.85826853045546
451.05494817207614
450.24928242328696
449.44154047928043
448.63200453046045
447.8209705374679
447.0087490527763
446.195666090791
445.3820640482798
444.5683026767423
443.754760108068
442.9418339344554
442.12994234309787
441.31952530553036
440.5110458207738
439.7049912104656
438.90187446300956
438.10223562236877
437.30664321543685
436.5156957099024
435.73002299213226
434.950287851805
434.17718745676285
433.41145479781795
432.65386007894557
431.90521202350067
431.1663590617014
430.4381903587185
429.7216366363257
429.01767073430125
428.32730785077723
427.65160539374455
426.9916623692269
426.3486182256506
425.72365106914464
425.11797516153564
424.53283761235036
423.969514179011
423.4293040964579
422.91352386953366
422.42349997935685
421.9605604792839
421.5260254872007
421.12119661873635
420.7473454499662
420.4057011469611
420.0974374511939
419.8236592615796
419.5853891024464
419.383553808167
419.21897178553763
419.0923412305035
419.00422967342195
418.95506520475845
418.945129690505
418.97455422495767
419.0433169908934
419.1512436082767
419.29800995822546
419.4831473754712
419.70605001624773
419.9659841349924
420.26209894667636
420.59343871458424
420.9589556867416
421.35752350703234
421.7879507470512
422.24899423858557
422.7393719304291
423.2577750430313
423.80287934653285
424.3733554388308
424.96787794794363
425.58513362529334
426.2238283325487
426.8826929539093
427.56048828821804
428.25600899150527
428.96808665116606
429.6955920787709
430.43743691036747
431.1925746019066
431.96000090386804
432.7387538939913
433.5279136407769
434.32660156361794
435.1339795483989
435.9492488704578
436.77164897012204
437.6004561197912
438.43498201575204
439.2745723227058
440.11860519430746
440.9664897888967
441.81766479598804
442.6715969859686
443.5277797927678
444.38573193698676
445.2449960950491
446.10513761833045
446.96574330488454
447.8264202252955
448.68679460328815
449.54651075102294
450.40523005841567
451.2626300354072
452.1184034057455
452.9722572506026
453.8239122001728
454.6731016712678
455.5195711488641
456.36307750951175
457.2033883845231
458.0402815608684
458.8735444177549
459.70297339691444
460.5283735046921
461.34955784409806
462.1663471750611
462.9785695012113
463.7860596815809
464.5886590657208
465.3862151507868
466.1785812592437
466.96561623590634
467.74718416311237
468.523154092894
469.2933997950822
470.0577995203468
470.8162357772312
471.56859512230494
472.31476796261006
473.054648369633
473.78813390407583
474.51512545075605
475.2355270630012
475.9492458159537
476.6561916682193
477.35627733136243
478.0494181467513
478.7355319693064
479.4145390577328
480.08636197083774
480.7509254695667
481.40815642441316
482.0579837278796
482.70033821168704
483.33515256845067
483.9623612775584
484.58190053500493
485.1937081869487
485.79772366677423
486.3938879354626
486.98214342506776
487.5624339851345
488.13470483188155
488.69890249999435
489.2549747968844
489.8028707592737
490.34254061197475
490.8739357287464
491.39700859511197
491.9117127730294
492.4180028673153
492.91583449372666
493.4051642486138
493.8859496800574
494.35814926041326
494.82172236019073
495.27662922319155
495.7228309428499
496.16028943970565
496.5889674399562
497.00882845502895
497.4198367621275
497.8219573856964
498.21515607976426
498.59939931111603
498.9746542432608
499.3408887211483
499.69807125660304
500.04617101443876
500.385157799224
500.71500204266147
501.0356747915624
501.34714769637253
501.64939300024275
501.94238352860475
502.22609267923406
502.50049441277895
502.76556324373377
503.02127423183396
503.26760297385965
503.5045255958228
503.73201874552996
503.9500595854954
504.1586257861967
504.3576955196527
504.5472474533178
504.72726074427067
